------- k matrix -------
0.0000 1.0000 0.0000 0.0000 0.0000 0.0000 0.0000 0.0000 0.0000 0.0000 0.0000 0.0000
0.7000 0.0000 0.3000 0.0000 0.0000 0.0000 0.0000 0.0000 0.0000 0.0000 0.0000 0.0000
0.0000 0.7407 0.0000 0.2593 0.0000 0.0000 0.0000 0.0000 0.0000 0.0000 0.0000 0.0000
0.0000 0.0000 0.7778 0.0000 0.2222 0.0000 0.0000 0.0000 0.0000 0.0000 0.0000 0.0000
0.0000 0.0000 0.0000 0.7407 0.0000 0.2593 0.0000 0.0000 0.0000 0.0000 0.0000 0.0000
0.0000 0.0000 0.0000 0.0000 0.7778 0.0000 0.2222 0.0000 0.0000 0.0000 0.0000 0.0000
0.0000 0.0000 0.0000 0.0000 0.0000 0.8511 0.0000 0.1489 0.0000 0.0000 0.0000 0.0000
0.0000 0.0000 0.0000 0.0000 0.0000 0.0000 0.5000 0.0000 0.5000 0.0000 0.0000 0.0000
0.0000 0.0000 0.0000 0.0000 0.0000 0.0000 0.0000 0.1667 0.0000 0.8333 0.0000 0.0000
0.0000 0.0000 0.0000 0.0000 0.0000 0.0000 0.0000 0.0000 0.1579 0.0000 0.8421 0.0000
0.0000 0.0000 0.0000 0.0000 0.0000 0.0000 0.0000 0.0000 0.0000 0.2500 0.0000 0.7500
1.0000 0.0000 0.0000 0.0000 0.0000 0.0000 0.0000 0.0000 0.0000 0.0000 0.0000 0.0000
------- lifetime -------
[16.8406  0.385   0.1134 13.7619  0.0439  0.0295  0.0305  0.0484  0.0379
  0.0305  0.2259  5.8177]
------- flux -------
[-5.41189932e-01 -7.72896536e-01 -3.12803915e-01 -1.04059227e-01
 -3.09985862e-02 -1.01241174e-02 -2.45275009e-03 -4.05892449e-04
 -2.43535470e-04 -2.57065218e-04 -2.16475973e-04 -1.62356980e-04]
The MFPT is 6.7018e+04
The log10 MFPT is 4.826193
------- k_ba matrix -------
0.0000 1.0000 0.0000 0.0000 0.0000 0.0000 0.0000 0.0000 0.0000 0.0000 0.0000 0.0000
0.7500 0.0000 0.2500 0.0000 0.0000 0.0000 0.0000 0.0000 0.0000 0.0000 0.0000 0.0000
0.0000 0.8421 0.0000 0.1579 0.0000 0.0000 0.0000 0.0000 0.0000 0.0000 0.0000 0.0000
0.0000 0.0000 0.8333 0.0000 0.1667 0.0000 0.0000 0.0000 0.0000 0.0000 0.0000 0.0000
0.0000 0.0000 0.0000 0.5000 0.0000 0.5000 0.0000 0.0000 0.0000 0.0000 0.0000 0.0000
0.0000 0.0000 0.0000 0.0000 0.1489 0.0000 0.8511 0.0000 0.0000 0.0000 0.0000 0.0000
0.0000 0.0000 0.0000 0.0000 0.0000 0.2222 0.0000 0.7778 0.0000 0.0000 0.0000 0.0000
0.0000 0.0000 0.0000 0.0000 0.0000 0.0000 0.2593 0.0000 0.7407 0.0000 0.0000 0.0000
0.0000 0.0000 0.0000 0.0000 0.0000 0.0000 0.0000 0.2222 0.0000 0.7778 0.0000 0.0000
0.0000 0.0000 0.0000 0.0000 0.0000 0.0000 0.0000 0.0000 0.2593 0.0000 0.7407 0.0000
0.0000 0.0000 0.0000 0.0000 0.0000 0.0000 0.0000 0.0000 0.0000 0.3000 0.0000 0.7000
1.0000 0.0000 0.0000 0.0000 0.0000 0.0000 0.0000 0.0000 0.0000 0.0000 0.0000 0.0000
------- lifetime_ba -------
[ 5.8177  0.2259  0.0305  0.0379  0.0484  0.0305  0.0295  0.0439 13.7619
  0.1134  0.385  16.8406]
------- flux_ba -------
[-0.58563161 -0.77693793 -0.22717626 -0.03953013 -0.0073204  -0.00491512
 -0.00564716 -0.00564716 -0.00564716 -0.00564716 -0.00418308 -0.00292816]
The B -> A MFPT is 1.2540e+03
The B -> A log10 MFPT is 3.098291
