------- k matrix -------
0.0000 1.0000 0.0000 0.0000 0.0000 0.0000 0.0000 0.0000 0.0000 0.0000 0.0000 0.0000 0.0000
0.9000 0.0000 0.1000 0.0000 0.0000 0.0000 0.0000 0.0000 0.0000 0.0000 0.0000 0.0000 0.0000
0.0000 0.9091 0.0000 0.0909 0.0000 0.0000 0.0000 0.0000 0.0000 0.0000 0.0000 0.0000 0.0000
0.0000 0.0000 0.9091 0.0000 0.0909 0.0000 0.0000 0.0000 0.0000 0.0000 0.0000 0.0000 0.0000
0.0000 0.0000 0.0000 0.7216 0.0000 0.2784 0.0000 0.0000 0.0000 0.0000 0.0000 0.0000 0.0000
0.0000 0.0000 0.0000 0.0000 0.7407 0.0000 0.2593 0.0000 0.0000 0.0000 0.0000 0.0000 0.0000
0.0000 0.0000 0.0000 0.0000 0.0000 0.5000 0.0000 0.5000 0.0000 0.0000 0.0000 0.0000 0.0000
0.0000 0.0000 0.0000 0.0000 0.0000 0.0000 0.3333 0.0000 0.6667 0.0000 0.0000 0.0000 0.0000
0.0000 0.0000 0.0000 0.0000 0.0000 0.0000 0.0000 0.5000 0.0000 0.5000 0.0000 0.0000 0.0000
0.0000 0.0000 0.0000 0.0000 0.0000 0.0000 0.0000 0.0000 0.5000 0.0000 0.5000 0.0000 0.0000
0.0000 0.0000 0.0000 0.0000 0.0000 0.0000 0.0000 0.0000 0.0000 0.5000 0.0000 0.5000 0.0000
0.0000 0.0000 0.0000 0.0000 0.0000 0.0000 0.0000 0.0000 0.0000 0.0000 0.5000 0.0000 0.5000
1.0000 0.0000 0.0000 0.0000 0.0000 0.0000 0.0000 0.0000 0.0000 0.0000 0.0000 0.0000 0.0000
------- lifetime -------
[5.2086100e+01 1.8770000e-01 4.7950000e-01 1.5768000e+00 8.0233000e+00
 5.5718000e+00 1.1967100e+01 1.5519000e+00 7.2710000e-01 7.4320000e-01
 6.3070000e-01 1.6369000e+00 1.3027744e+03]
------- flux -------
[-6.66729738e-01 -7.40788595e-01 -8.14647434e-02 -8.12447226e-03
 -9.95755572e-04 -3.47175699e-04 -1.40013245e-04 -1.50014191e-04
 -1.60015137e-04 -1.20011353e-04 -8.00075685e-05 -4.00037843e-05
 -2.00018921e-05]
The MFPT is 1.7464e+06
The log10 MFPT is 6.242133
------- k_ba matrix -------
0.0000 1.0000 0.0000 0.0000 0.0000 0.0000 0.0000 0.0000 0.0000 0.0000 0.0000 0.0000 0.0000
0.5000 0.0000 0.5000 0.0000 0.0000 0.0000 0.0000 0.0000 0.0000 0.0000 0.0000 0.0000 0.0000
0.0000 0.5000 0.0000 0.5000 0.0000 0.0000 0.0000 0.0000 0.0000 0.0000 0.0000 0.0000 0.0000
0.0000 0.0000 0.5000 0.0000 0.5000 0.0000 0.0000 0.0000 0.0000 0.0000 0.0000 0.0000 0.0000
0.0000 0.0000 0.0000 0.5000 0.0000 0.5000 0.0000 0.0000 0.0000 0.0000 0.0000 0.0000 0.0000
0.0000 0.0000 0.0000 0.0000 0.6667 0.0000 0.3333 0.0000 0.0000 0.0000 0.0000 0.0000 0.0000
0.0000 0.0000 0.0000 0.0000 0.0000 0.5000 0.0000 0.5000 0.0000 0.0000 0.0000 0.0000 0.0000
0.0000 0.0000 0.0000 0.0000 0.0000 0.0000 0.2593 0.0000 0.7407 0.0000 0.0000 0.0000 0.0000
0.0000 0.0000 0.0000 0.0000 0.0000 0.0000 0.0000 0.2784 0.0000 0.7216 0.0000 0.0000 0.0000
0.0000 0.0000 0.0000 0.0000 0.0000 0.0000 0.0000 0.0000 0.0909 0.0000 0.9091 0.0000 0.0000
0.0000 0.0000 0.0000 0.0000 0.0000 0.0000 0.0000 0.0000 0.0000 0.0909 0.0000 0.9091 0.0000
0.0000 0.0000 0.0000 0.0000 0.0000 0.0000 0.0000 0.0000 0.0000 0.0000 0.1000 0.0000 0.9000
1.0000 0.0000 0.0000 0.0000 0.0000 0.0000 0.0000 0.0000 0.0000 0.0000 0.0000 0.0000 0.0000
------- lifetime_ba -------
[1.3027744e+03 1.6369000e+00 6.3070000e-01 7.4320000e-01 7.2710000e-01
 1.5519000e+00 1.1967100e+01 5.5718000e+00 8.0233000e+00 1.5768000e+00
 4.7950000e-01 1.8770000e-01 5.2086100e+01]
------- flux_ba -------
[-0.3019836  -0.54357048 -0.48317376 -0.42277704 -0.36238032 -0.2264877
 -0.09059508 -0.05823969 -0.04649589 -0.03690911 -0.03690911 -0.03355373
 -0.03019836]
The B -> A MFPT is 1.3160e+04
The B -> A log10 MFPT is 4.119249
