0 -157.5 -157.5
1 -157.5 -112.5
2 -157.5 -67.5
3 -157.5 -22.5
4 -157.5 22.5
5 -157.5 67.5
6 -157.5 112.5
7 -157.5 157.5
8 -112.5 -157.5
9 -112.5 -112.5
10 -112.5 -67.5
11 -112.5 -22.5
12 -112.5 22.5
13 -112.5 67.5
14 -112.5 112.5
15 -112.5 157.5
16 -67.5 -157.5
17 -67.5 -112.5
18 -67.5 -67.5
19 -67.5 -22.5
20 -67.5 22.5
21 -67.5 67.5
22 -67.5 112.5
23 -67.5 157.5
24 -22.5 -157.5
25 -22.5 -112.5
26 -22.5 -67.5
27 -22.5 -22.5
28 -22.5 22.5
29 -22.5 67.5
30 -22.5 112.5
31 -22.5 157.5
32 22.5 -157.5
33 22.5 -112.5
34 22.5 -67.5
35 22.5 -22.5
36 22.5 22.5
37 22.5 67.5
38 22.5 112.5
39 22.5 157.5
40 67.5 -157.5
41 67.5 -112.5
42 67.5 -67.5
43 67.5 -22.5
44 67.5 22.5
45 67.5 67.5
46 67.5 112.5
47 67.5 157.5
48 112.5 -157.5
49 112.5 -112.5
50 112.5 -67.5
51 112.5 -22.5
52 112.5 22.5
53 112.5 67.5
54 112.5 112.5
55 112.5 157.5
56 157.5 -157.5
57 157.5 -112.5
58 157.5 -67.5
59 157.5 -22.5
60 157.5 22.5
61 157.5 67.5
62 157.5 112.5
63 157.5 157.5
