0 0.001000
1 0.000993
2 0.001016
3 0.001016
4 0.000594
5 0.000622
6 0.000690
7 0.000689
8 0.001000
9 0.001067
10 0.001028
11 0.002040
12 0.000973
13 0.000686
14 0.000704
15 0.000704
16 0.000996
17 0.001143
18 0.001384
19 0.001285
20 0.000989
21 0.000210
22 0.000682
23 0.000676
24 0.000000
25 0.000346
26 0.001034
27 0.002818
28 0.000422
29 0.000271
30 0.000800
31 0.000289
32 0.001393
33 0.001101
34 0.009598
35 0.089818
36 0.000374
37 0.000041
38 0.000141
39 0.000312
40 0.002628
41 0.003837
42 0.000921
43 0.004021
44 0.001259
45 0.000731
46 0.000392
47 0.000320
48 0.003184
49 0.002863
50 0.000933
51 0.001055
52 0.001346
53 0.001000
54 0.000351
55 0.000318
56 0.000289
57 0.000394
58 0.000405
59 0.000363
60 0.000320
61 0.000313
62 0.000313
63 0.000313
