------- k matrix -------
0.0000 1.0000 0.0000 0.0000 0.0000 0.0000 0.0000 0.0000 0.0000 0.0000 0.0000 0.0000 0.0000
0.9000 0.0000 0.1000 0.0000 0.0000 0.0000 0.0000 0.0000 0.0000 0.0000 0.0000 0.0000 0.0000
0.0000 0.9091 0.0000 0.0909 0.0000 0.0000 0.0000 0.0000 0.0000 0.0000 0.0000 0.0000 0.0000
0.0000 0.0000 0.9091 0.0000 0.0909 0.0000 0.0000 0.0000 0.0000 0.0000 0.0000 0.0000 0.0000
0.0000 0.0000 0.0000 0.7216 0.0000 0.2784 0.0000 0.0000 0.0000 0.0000 0.0000 0.0000 0.0000
0.0000 0.0000 0.0000 0.0000 0.7407 0.0000 0.2593 0.0000 0.0000 0.0000 0.0000 0.0000 0.0000
0.0000 0.0000 0.0000 0.0000 0.0000 0.5000 0.0000 0.5000 0.0000 0.0000 0.0000 0.0000 0.0000
0.0000 0.0000 0.0000 0.0000 0.0000 0.0000 0.5000 0.0000 0.5000 0.0000 0.0000 0.0000 0.0000
0.0000 0.0000 0.0000 0.0000 0.0000 0.0000 0.0000 0.5000 0.0000 0.5000 0.0000 0.0000 0.0000
0.0000 0.0000 0.0000 0.0000 0.0000 0.0000 0.0000 0.0000 0.2857 0.0000 0.7143 0.0000 0.0000
0.0000 0.0000 0.0000 0.0000 0.0000 0.0000 0.0000 0.0000 0.0000 0.1579 0.0000 0.8421 0.0000
0.0000 0.0000 0.0000 0.0000 0.0000 0.0000 0.0000 0.0000 0.0000 0.0000 0.2500 0.0000 0.7500
1.0000 0.0000 0.0000 0.0000 0.0000 0.0000 0.0000 0.0000 0.0000 0.0000 0.0000 0.0000 0.0000
------- lifetime -------
[6.7003400e+01 1.9923000e+00 2.9994000e+00 1.3227200e+01 2.0988000e+01
 7.9187000e+00 1.6820000e+00 7.0860000e-01 1.2327000e+00 1.7952000e+00
 3.3080000e-01 1.3185000e+00 1.4687926e+03]
------- flux -------
[6.66729756e-01 7.40788615e-01 8.14647456e-02 8.12447248e-03
 9.95755599e-04 3.47175708e-04 1.40013249e-04 1.00009463e-04
 6.00056780e-05 3.50033122e-05 3.16696634e-05 2.66691902e-05
 2.00018927e-05]
The MFPT is 2.3260e+06
The log10 MFPT is 6.366615
------- k_ba matrix -------
0.0000 1.0000 0.0000 0.0000 0.0000 0.0000 0.0000 0.0000 0.0000 0.0000 0.0000 0.0000 0.0000
0.7500 0.0000 0.2500 0.0000 0.0000 0.0000 0.0000 0.0000 0.0000 0.0000 0.0000 0.0000 0.0000
0.0000 0.8421 0.0000 0.1579 0.0000 0.0000 0.0000 0.0000 0.0000 0.0000 0.0000 0.0000 0.0000
0.0000 0.0000 0.7143 0.0000 0.2857 0.0000 0.0000 0.0000 0.0000 0.0000 0.0000 0.0000 0.0000
0.0000 0.0000 0.0000 0.5000 0.0000 0.5000 0.0000 0.0000 0.0000 0.0000 0.0000 0.0000 0.0000
0.0000 0.0000 0.0000 0.0000 0.5000 0.0000 0.5000 0.0000 0.0000 0.0000 0.0000 0.0000 0.0000
0.0000 0.0000 0.0000 0.0000 0.0000 0.5000 0.0000 0.5000 0.0000 0.0000 0.0000 0.0000 0.0000
0.0000 0.0000 0.0000 0.0000 0.0000 0.0000 0.2593 0.0000 0.7407 0.0000 0.0000 0.0000 0.0000
0.0000 0.0000 0.0000 0.0000 0.0000 0.0000 0.0000 0.2784 0.0000 0.7216 0.0000 0.0000 0.0000
0.0000 0.0000 0.0000 0.0000 0.0000 0.0000 0.0000 0.0000 0.0909 0.0000 0.9091 0.0000 0.0000
0.0000 0.0000 0.0000 0.0000 0.0000 0.0000 0.0000 0.0000 0.0000 0.0909 0.0000 0.9091 0.0000
0.0000 0.0000 0.0000 0.0000 0.0000 0.0000 0.0000 0.0000 0.0000 0.0000 0.1000 0.0000 0.9000
1.0000 0.0000 0.0000 0.0000 0.0000 0.0000 0.0000 0.0000 0.0000 0.0000 0.0000 0.0000 0.0000
------- lifetime_ba -------
[1.4687926e+03 1.3185000e+00 3.3080000e-01 1.7952000e+00 1.2327000e+00
 7.0860000e-01 1.6820000e+00 7.9187000e+00 2.0988000e+01 1.3227200e+01
 2.9994000e+00 1.9923000e+00 6.7003400e+01]
------- flux_ba -------
[-0.58529763 -0.77649486 -0.22704671 -0.04609219 -0.02048542 -0.01463244
 -0.00877946 -0.00564394 -0.00450586 -0.00357682 -0.00357682 -0.00325165
 -0.00292649]
The B -> A MFPT is 2.9425e+05
The B -> A log10 MFPT is 5.468715
